experiment Tolerance=1E-12

tank5.Si := 3.000000000000e+01;
tank5.Ss := 1.263795984345e+00;
tank5.Xi := 1.123348086405e+03;
tank5.Xs := 1.185225923915e+01;
tank5.Xbh := 2.606406877777e+03;
tank5.Xba := 1.068019744323e+02;
tank5.Xp := 4.439932752854e+02;
tank5.So := 1.999997685099e+00;
tank5.Sno := 1.674245866877e+01;
tank5.Snh := 3.117292580061e+00;
tank5.Snd := 4.979610348992e-01;
tank5.Xnd := 9.817952441673e-01;
tank5.Salk := 3.735179685088e+00;
tank4.Si := 3.000000000000e+01;
tank4.Ss := 1.965671861503e+00;
tank4.Xi := 1.119243168969e+03;
tank4.Xs := 1.995691428575e+01;
tank4.Xbh := 2.602154360121e+03;
tank4.Xba := 1.057038911944e+02;
tank4.Xp := 4.404846296373e+02;
tank4.So := 3.505091698746e+00;
tank4.Sno := 1.223560863789e+01;
tank4.Snh := 7.372095764081e+00;
tank4.Snd := 6.723187178583e-01;
tank4.Xnd := 1.509911199178e+00;
tank4.Salk := 4.336906375072e+00;
tank3.Si := 3.000000000000e+01;
tank3.Ss := 3.303021229952e+00;
tank3.Xi := 1.115644789581e+03;
tank3.Xs := 4.595646450845e+01;
tank3.Xbh := 2.587816054472e+03;
tank3.Xba := 1.042607977985e+02;
tank3.Xp := 4.368395184843e+02;
tank3.So := 2.258220736507e+00;
tank3.Sno := 6.086417053368e+00;
tank3.Snh := 1.320662231965e+01;
tank3.Snd := 8.483247444772e-01;
tank3.Xnd := 3.147367816870e+00;
tank3.Salk := 5.185981698738e+00;
tank2.Si := 3.000000000000e+01;
tank2.Ss := 2.963119860782e+00;
tank2.Xi := 1.115525591261e+03;
tank2.Xs := 1.047623215724e+02;
tank2.Xbh := 2.560547745833e+03;
tank2.Xba := 1.031268208361e+02;
tank2.Xp := 4.344353591719e+02;
tank2.So := 3.460669280848e-05;
tank2.Sno := 2.374326657217e-01;
tank2.Snh := 1.943283861745e+01;
tank2.Snd := 3.395010672094e-01;
tank2.Xnd := 6.666141082522e+00;
tank2.Salk := 6.077331022060e+00;
tank1.Si := 3.000000000000e+01;
tank1.Ss := 5.744300865020e+00;
tank1.Xi := 1.114625044801e+03;
tank1.Xs := 1.056484783737e+02;
tank1.Xbh := 2.563306641801e+03;
tank1.Xba := 1.032778829295e+02;
tank1.Xp := 4.321781192137e+02;
tank1.So := 4.776381995772e-03;
tank1.Sno := 1.736044358829e+00;
tank1.Snh := 1.841130239895e+01;
tank1.Snd := 1.046350972054e+00;
tank1.Xnd := 6.244453916847e+00;
tank1.Salk := 5.956124593796e+00;
